a2 =   0.100000
tau =   0.005000
a =  -1.000000
b =   1.000000
N =         20
timesteps =        200
